-0.4948829131357133
0.9724786084115036
0.3390886154896584
0.07132060992437328
-0.8422749103265244
-0.3672204836777546
-0.06964139567040895
0.6592923474849579
0.8260681636153508
0.35710527621856625
-0.7328470361870203
-0.5272866815849078
0.7811463069018938
-0.18050279698849736
0.49553986001363115
-0.9074441801172521
-0.5442275431924501
-0.8224164973935311
-0.059096111177092014
-0.2438936756554646
-0.5376979320388477
0.7196751506617123
-0.32720356501604453
0.6935276707156739
-0.7871639135316453
-0.0631692866588669
-0.5326750353253475
0.6399994022881814
0.025941918941618347
-0.9567577544609016
0.17836947429726702
0.8186150980300624
0.3080583625688229
0.1286570927314168
-0.23989486660527293
-0.22748675902746052
0.11441758450078043
-0.8913558198283222
-0.006723609493892724
-0.4891328014753
-0.6699520761565569
-0.9396295646552653
-0.20271147573996218
0.07529762126151196
-0.4558330497815173
0.872750662593808
0.9740732817414988
-0.34977308787701666
-0.47183025369438303
0.9880409391401566
0.7857622332384162
-0.4328955651311859
-0.7071377726464867
-0.44659732778542516
0.8557110957884095
0.35793641656016817
0.5888775924570568
-0.28859209079860215
0.6430965941910438
0.2274145382364201
-0.5756989467521751
-0.4748523610828106
0.9307818451639067
0.19597327391927188
-0.5950445909902569
0.09603390946461232
0.9011278402513041
0.7430257914534193
0.12866807197874452
0.21284178685693544
-0.10172148586970065
0.7335465563095487
-0.4153271702631114
0.3347332852891094
-0.4662927997340316
0.9267671833339286
-0.014474388193135068
0.9762463780959962
0.43474057354390006
-0.24778256301527124
-0.5293337438762469
0.23021691938819755
0.7975629792472161
-0.5721800440727249
-0.41448757813040715
-0.7005648839468268
0.9172777307090141
-0.03363981561215379
-0.013751968439451812
-0.472499310416606
0.7625731223810988
-0.6235411968238329
0.16187966819330835
-0.31118873841137984
0.2197905819597583
-0.6468902069983198
-0.1283402931158648
0.8811375463047657
-0.7145132882203398
0.8279757737701225
-0.629165544953816
-0.38315297719063524
0.07868485316088614
0.16234395168784288
0.9226304373039163
-0.34036663715033866
-0.551098202801453
0.9654193771434598
-0.11030595918218067
0.2033774514536264
-0.14144941872735606
-0.5301948816146798
0.2526568917939125
-0.4865759741632556
0.35272270599627453
0.643735499916249
0.10022847595317952
0.5284824277346896
0.3683211285233865
0.49611234832485884
0.44751485915075584
0.5017047519001125
-0.3291610648712897
-0.6739087430258441
0.6813320214974441
-0.04707604205586646
-0.38014089954571273
0.13992290811165908
0.004822862455680532
-0.9927519745230815
0.10007944835301608
-0.11858867007267127
-0.11152892028156769
-0.4372850335923648
0.3714107859662148
-0.3828722234509756
-0.7636475936914837
0.1833023504549638
-0.8339975395696806
0.27562788103038627
0.5894185071739968
-0.5191262900022457
0.020374772660568974
0.15564168400105682
-0.4897538933077634
-0.24923186825752786
0.5357578428368202
-0.2666739446021944
-0.37503244971766914
0.3098251818651274
-0.2972214004608571
0.027073521619230156
-0.005399676214268068
-0.7428179186094817
0.492011242197937
0.9028553498408611
-0.08064655721205471
-0.5354752201843163
-0.9624002783830163
-0.7445139347391705
-0.01991775761818282
-0.09914758852549066
0.6548801039038437
-0.8094119797874733
-0.7699299494810732
0.7205074596416225
-0.40484156503542246
0.8997847945335136
-0.535205675433664
0.4277084872096395
-0.9125918741072212
-0.6636012956946891
-0.3154568065453274
0.032907704667864746
-0.25550287429448826
-0.7164720309517976
-0.9809193815715311
0.6367182299654606
0.06077221076533279
-0.40317420559203176
-0.5252575943787334
0.9033371893748863
-0.4231684675094636
0.08526339899023228
-0.689703891284573
-0.933416882405828
-0.07781813326753162
0.271878080244794
-0.832643122336006
0.46759586854916013
-0.39182034801859
0.4434549728858057
0.09052425691410693
0.18102297114225752
0.6090422440041476
0.4800322914134252
0.3702981394054232
-0.030483675989983583
-0.1564402129747815
-0.5730933192820014
-0.2552118940374306
0.5007800974519907
0.103763598569234
-0.06795249019617611
0.43511414828757267
0.339964173981689
0.9331799480053606
0.3285136825903092
0.9578488419343976
0.25019879204649453
0.30728450923793593
0.7255287501462448
-0.568555087651148
0.3381160319621086
0.9152350505727427
-0.6970734596067221
-0.7158565045557335
0.45438166047080863
0.31723803517142923
0.9757429855532198
0.8088931552878356
0.6927360841563062
0.8675069399969773
0.4631576372232076
0.4130231373119384
0.9794730548852302
0.7593828895528811
-0.7375446768286584
-0.2505674816952639
-0.20839883299536432
-0.14797058025481702
-0.0334891435388609
-0.396009674345704
-0.1259095201975593
0.4525997303950253
0.09744205708154996
-0.6878669734707537
-0.3487642492729506
0.1283747453273394
-0.7524156735245455
-0.34747913883106607
0.9536779314776087
0.2537301200681463
0.030419454310076866
0.8012005647870719
0.6534379455173978
0.7789992027923793
0.5444849434643602
0.5231632814264995
-0.3357195472674974
0.12941438371504632
0.1483536508524823
-0.620394358845548
0.5474963596057147
0.10217059210650437
-0.8841082945587946
0.10513194191524966
-0.18001543263225717
0.7058887162991576
0.009483425513029387
-0.6689460564183993
-0.4515128061453797
-0.6364080454994867
0.9649747867389733
0.2712706902712021
0.9201989150964083
0.168020757219977
0.28333318069303237
-0.3284680302613867
-0.5344575596869097
-0.12864177279912448
0.6140950428306693
0.42770453176673384
0.8869146285429512
-0.36019229131594876
0.268024790663032
-0.6099307835353975
0.4521708987660056
0.07379034746234603
0.9961402040530061
0.2610797594566632
0.04592278668897176
0.15676460807748138
-0.8167548042646691
0.9117833326190636
-0.03684230633904573
-0.7021982690837452
-0.5259750773051222
0.6091549613612046
0.7519451409990738
-0.544773618987854
0.4556208558824135
0.16212653135201505
0.6663719940435899
0.9373865512722308
-0.413843856694349
0.9895072644440082
0.16293838879040634
0.15666514204924353
0.12064564218625096
0.941404124458969
0.46315885709251137
0.2648960000432168
0.18132482938590155
0.5324515591316821
0.8191076780567794
-0.36934205101843065
0.33731763508988455
-0.6948774240798958
-0.6960135386764195
-0.5139123571597481
-0.6203545052795483
0.7492728459842415
-0.34066319174216186
-0.4218630654800426
0.9202880589691158
0.516348615303883
0.1017903217612337
-0.09588317437391436
-0.4774424317574344
-0.20910952859295495
0.0740265635653592
-0.7442281715279497
0.06544029095367865
-0.08653787590137618
0.07155624155203966
-0.8522230874539105
0.31424562201437434
0.2833062286907282
-0.7731546565647587
0.6288467299551452
-0.8239388759261863
-0.9628230337915837
0.7909932210905124
0.9063506994180468
-0.21086260698271242
-0.11392186400290716
-0.2606653863792592
-0.450026925967566
-0.4861895338967086
0.46366960064551166
0.11521301224732006
-0.019542896107559438
0.45613448168409243
0.8190672657692359
-0.3584941205547616
-0.09680598155278686
-0.7721624895033974
-0.2766234221489414
-0.923609459371973
-0.8517975247649539
0.5682332514638428
0.43890268091691986
-0.08641177353745522
0.5629239966539383
0.819052626915832
-0.3973050595366179
0.7229831748948452
0.00937421985569209
0.40219509239152873
-0.0809148719454389
0.10150633540004406
-0.6828024917710307
0.7176384470223451
0.7740980526644379
-0.9000409412630299
0.1361574530798304
0.009810419201723874
0.6329551988892252
0.5891327010492462
0.8534194947190696
0.23093058751573348
3.7547823388717205e-05
-0.870228770430554
0.5375589186437768
0.8623772371308496
-0.10618316321657684
-0.7297400286392419
0.030738958063281308
0.7115157177114722
0.3712044554351148
-0.14116580497362685
0.7574049807553889
-0.8979334246592956
0.8794363755548513
-0.0075168894614032755
-0.046081670295678334
-0.6448902179325622
-0.5752993290186987
0.9968936343430825
-0.696786742002756
-0.30848059147074913
-0.10027944488169505
-0.7960822363739675
-0.14217380328554996
0.13642325311026537
-0.43930188545111415
-0.7836734317093192
0.11844607493071879
0.13237014698973915
0.24821142320560052
0.025924872732469906
0.6076086235304634
0.8598216489683959
-0.03957875437774705
0.9565318462563683
-0.5007213381891684
0.9333135975530726
-0.19947665931338832
-0.4760222414177129
0.36924600542683605
-0.9931214780329007
0.19005167311912996
-0.15524079313832306
-0.9450725539257048
-0.8071162016334912
0.8883706937399685
-0.3331773522284547
0.05198425016239194
-0.5656393882714057
0.8514454237864795
-0.9476104343854421
0.3935651671595626
-0.2799902935409968
0.13835908305578015
0.3101613964830132
-0.31285238943221105
-0.3694545594629144
-0.5642752336077794
-0.3069043363598416
-0.4253319669072859
-0.6073431275349119
-0.8418460109630501
-0.14328502370597263
-0.7922510869617037
-0.7839351664608831
-0.7692454827061708
0.15772476970086435
0.7569014465801589
-0.1258078142432255
-0.09737799093368293
-0.6546946329224483
-0.69653517446513
-0.6975294654655293
-0.5933025681974737
0.6683300608528471
-0.16433021775849221
0.05996891143781968
0.802449104957234
-0.6284412687122871
0.4446085749269897
0.668736185413209
0.690220452961773
0.8180431547634845
0.048949500688664216
0.7816147111648917
-0.5603948116330055
-0.8577589427249541
0.5732614000388399
-0.45581987656794754
-0.8120084080633152
0.1429878043461681
-0.6023384575948498
-0.7124085206763833
-0.8633463931783132
0.9317993360841332
0.1806957646109495
0.5680616649571202
-0.7552602170063285
0.33016642685562303
-0.07177951819986972
-0.5397345481479976
-0.24776322348927393
0.799683074258787
-0.5895053053783625
-0.2658553807060564
-0.7769407970459059
0.6741122463365921
-0.2948700982056409
0.6351194633848372
-0.05123684135959983
-0.20386965457224093
-0.33283343713765956
-0.9496202366914968
-0.25509967073324447
-0.14713352759836962
-0.41992206355149686
-0.35285382295944556
-0.2314938011659582
-0.27682532363376744
0.054494393449827205
0.6850783710359611
-0.2808723933612911
-0.010475887354486346
0.9781422968812732
0.3267711499483741
-0.1373227786609983
0.3624403256105664
-0.580551711256283
0.8765267722922334
0.8180836407643284
-0.9986812334398762
-0.6486319968039433
-0.03490333680869817
0.9281684104721859
0.2704126171558985
0.302742752242555
-0.32676336190370003
-0.43545912223716976
0.2909121789638911
0.06431635539212999
-0.9365423793523402
0.24829716214524344
0.03795141905718791
0.21380372510246048
0.23161387895090635
0.5691084050657924
0.5841510498593252
0.9365167776445902
0.6733440497328407
0.4500667101310729
-0.886033270877072
0.9186959389298597
0.4860166543232507
-0.09936817248718888
0.04500390798017273
-0.7952662289220709
-0.5648112927237496
-0.007039102191268354
-0.8369022489448599
-0.4130795813595862
-0.05977494829304053
0.24938142645274763
0.03524789969154907
-0.016529594932602976
0.46909677483057055
-0.7241441710118095
0.40232854594818424
-0.3139979232476551
0.7199773308093775
0.2961605885450911
-0.08694486874739882
-0.3836441504176711
0.6488195236901888
0.5341829385346903
0.3648682092179072
-0.6755162688683667
0.44145138262125294
-0.13756601296648507
-0.593587534091452
-0.1728732442670997
-0.9128005923106377
0.8990680353612648
0.2195767148096106
-0.49206912346164877
-0.22732671773069635
0.3024548453698874
0.6251526586924208
-0.6844376434861903
0.9855194023036895
-0.43050916874627565
-0.8435657653335338
-0.22420463840587623
-0.8767772041061577
0.9623173188848171
0.08483397580678309
0.8965950539487069
-0.03900114775952401
0.6555981257193251
0.23329061741537926
-0.06896480680998374
0.6117548118741114
-0.2484102617644035
0.37745165459628494
0.43081976406345657
0.8817794837160107
-0.8338508371204065
-0.5464603530951355
0.857393941482439
-0.8795767664883429
0.13398605903740912
0.9321091631278828
-0.5622725984445045
-0.8299936413073796
0.5281387046673824
-0.9409038253083633
0.3880421380360044
0.36236835164581827
0.6086686877522336
-0.19941524562680857
-0.7023532253400224
-0.5768470520248508
-0.9971453729635105
0.7075932333943948
-0.7924669271884459
-0.5104363606179185
-0.5780834418388732
-0.8780915933154791
0.21655605860158866
-0.8474289670416284
0.331667359738709
0.5395029127306121
0.9815778472439483
0.4613027488849517
0.22116928275356806
-0.055115161487697684
-0.4250913304661432
0.01957572022487497
0.8276752292849157
-0.6008393209416849
-0.7828880285611046
-0.06814641216409889
-0.15288202817538976
-0.7582902570302332
0.30153112390432724
-0.24510585656962847
-0.3944459921320669
-0.019139305512811955
-0.881654125121494
0.1869996478074647
-0.8099228436926555
-0.04776758643393397
-0.7234102771915492
0.7678728633865943
0.7257909645412348
-0.6390885831239907
-0.9555014197980067
-0.11145591492139673
0.5716310774564353
-0.051227813338706296
0.9428502464131514
-0.2030263608806695
0.19816742417346522
0.40253219885817737
0.04134311316472039
-0.5557800067136243
0.4004679917341303
-0.6913790816538898
0.46574923016311764
-0.23942349166410803
-0.9687861178667194
-0.6994324938099035
0.49512004319537595
-0.37296578192223584
-0.4746251328898994
0.6699731879851452
-0.871474329047403
-0.24284267996860232
0.046968777800777906
0.6453970939497484
0.00289974561681694
-0.4669285917900867
-0.43318678550873657
0.6879552030529976
0.2982746356246946
0.201565506477017
0.5373550904058622
0.30483268386754503
-0.9837510449895275
0.9534107046110711
0.6048034667271867
-0.6482728051835165
0.36766682504819026
-0.9154028527683482
0.720996334110706
-0.22266525681986282
-0.23268728972034403
0.9261069220181883
0.9040471591582067
-0.08676285284591834
-0.7838002277142688
-0.6093318741376468
-0.0575643206409131
0.6195954464172726
0.25793263393703536
0.20990149788010126
0.3167563011605561
0.9599093695645908
-0.03942893801536762
-0.9576380691905062
0.10901399360906461
-0.3753609261955555
-0.36490763766875367
-0.6230163696403588
0.3637019866870883
0.22716793315965678
0.22942812599448192
0.3461157780889408
-0.9201315040290465
0.6411784084394827
-0.40469763191546027
-0.7406157949723
0.5049706920552113
0.31274993201068124
0.15861848863330508
0.7895181776597049
-0.05904611049463826
0.1468351087051345
-0.5547960441712918
-0.6831848642293874
0.9443259525414351
0.20819923181625133
0.40393556477379966
0.04984910635815387
0.9082391851220633
-0.9695428415405316
0.36037857138757823
0.016727717482004634
-0.4233627761228169
0.20728419345841376
-0.011835496271033419
-0.9895253315362367
0.40300151562404074
0.9687876340448467
-0.7137203386675237
0.37139915198820983
0.9770853844877088
0.7945093461280528
-0.6883556997349087
0.7497195240705661
-0.4104797609881483
0.20331280329383516
0.31464121711398807
0.16241919130754523
-0.173411694943145
0.48378073264123755
0.08996480859406342
-0.16296658096190542
-0.5364675794599707
-0.8245964756216917
-0.022514679086079736
0.5399775435726295
0.13375647181741335
-0.7516777908908927
0.3775332872561379
0.6496912237374974
0.7587276305667814
0.4614033181347299
-0.7608758009508632
-0.9736608368954431
0.580561432231234
-0.34287988084558063
-0.13125367391581477
-0.8120294800137964
0.9362733130656431
-0.21126705825265457
-0.3249188955252664
0.5956103268717725
0.6855048632624468
0.6386175172733746
-0.9005167998072652
0.5798278991539527
0.033594535325212505
-0.754281583820295
-0.8297870787968851
0.8206775392328862
-0.8472595838613362
-0.2753911875195558
0.02084797719822351
0.25271203081312343
-0.3661368387757846
0.19830430674892274
0.7488308085277844
-0.24597353265387767
-0.3986077031399333
-0.9557686041098798
0.23150356053798182
0.49892977955737194
-0.42228871458459105
0.2906337288322658
0.6847051954450982
0.2686523526288107
-0.8264568305910505
0.12747077221787517
0.33148653575605236
0.039462735508593694
0.05150284708799502
-0.13352642809284476
-0.21184543398984146
-0.3581838190860329
0.4924144759923048
0.003227376174445684
-0.6414232624165495
-0.004244443144156396
0.42167061331050437
-0.6679368487710327
0.5930540215322042
0.837084398025608
-0.6505978314054666
-0.14580272133873873
0.4498411231101145
-0.2978570592084713
-0.4643481620205141
0.39468359640671813
-0.6249752979442214
-0.24391793350364055
0.8550635866308303
0.39782359523020183
0.7234452000753349
0.5145109346966643
-0.029113603825779988
-0.3937261039819313
0.6766542644547104
-0.6183794758051042
0.821185304288526
0.4056296903478538
-0.7260079570404867
-0.3036431843894616
-0.9350190092557218
0.025454174812641117
-0.37113520048838544
-0.2383557852942524
-0.2126578285110905
-0.37900490501214734
0.28160372585942395
0.4398231276608
-0.2305235412405433
0.8245315131408741
0.7042997388875278
0.3590246288464116
0.3137198245569712
0.9425718845341435
0.4399509594571611
0.7235834015889293
0.1302454685865413
-0.20403298488170285
0.5844209208004367
-0.47688755470608224
0.2987931129189909
0.7107035600923315
-0.5078434211726313
0.5700433559000768
-0.7230131583175097
-0.18790057283377437
0.28947976905671746
-0.633313515327554
-0.9180153060237746
0.8581988078428173
0.48844449406154666
0.8762286095758551
-0.013220167624872436
0.2007161392929575
0.4825481582005491
0.6614160691328839
0.4912124044895112
-0.8327746866986887
-0.667899275330682
-0.01553746925346644
0.9667195453562423
-0.6502761106671988
-0.11861054574582997
0.324660545260985
0.6589404737288482
0.941058977511491
-0.0701930078387456
0.07041333474780376
-0.30923334141353864
0.9733319841680972
0.04600442908433955
0.23439600873151378
-0.008187234512402108
0.14952928471510507
-0.43898532660915346
-0.18587887251082202
-0.8979962920650431
-0.37236513078429234
-0.42739165779049726
-0.14947041071333356
0.09892221704204851
0.6198157241060638
0.4860141501557145
0.5566285461714111
0.3763393781720765
-0.9532341903542134
-0.23504521062223094
-0.5449130848819308
-0.29780106402038053
-0.3642927515424492
-0.1616568794126032
0.34603921375988644
-0.07517199859557788
0.26110815520254205
0.31017403134510957
-0.04481385042735009
-0.027587004545563287
0.2610944811036884
0.429103772372605
0.26381877420015787
-0.9588501375353886
-0.7934572939153055
0.8480902338580285
0.18541386918788594
0.18080742403457117
0.10316789200794751
-0.8997530609465256
0.1760958166817148
0.8125799103962119
0.6490343609164624
-0.4435409555236913
0.7589558039702899
0.5748856768285733
-0.9449464102067571
-0.4855704211188232
0.16620611251381145
0.05383120871447389
-0.6262815699422537
-0.4449412445016616
-0.03591636342231075
-0.7857863021847049
0.005602859760273082
0.21103589492677322
0.29881094290080346
0.5250465547929299
0.23544504781554543
0.6949960085008009
0.839749641612682
-0.7139750147532407
0.06973698092913838
-0.4926422041848013
-0.0034843752948603424
0.4726859309739484
0.8358805779061846
-0.8001690727442015
0.06028461720485079
0.06775203614623027
0.28274580096278656
-0.6675559699826246
-0.6516312006347018
-0.2498597764471211
-0.870230840127544
0.11343383306310217
0.30363449052028946
-0.21103546291398323
-0.31910701436059474
-0.06488738608822864
-0.7121134496994475
-0.39337188955851854
-0.2637504962040189
0.9713044206059571
-0.2188170585505751
0.21714586446923256
0.46316369104218724
-0.4780055099215832
-0.8075818609142855
0.4681659648761263
-0.2161659892888328
-0.22349789435578726
0.549776898280937
-0.6927185743550486
-0.6335511541057772
0.576460573724241
-0.5800588092689696
0.024284765063092184
-0.30138898293241145
-0.5370659471683672
-0.5371835366044784
-0.8115892080449991
0.80538388052936
-0.32282815432047673
0.2882890028298486
-0.3837058949917629
-0.8223875054894125
0.7027278359385041
0.3622755856723181
-0.5068289639598751
-0.11634232047133519
-0.07602932291134223
0.12355878635614159
0.6191727403297143
0.8774520742490344
-0.3095134106371227
0.7426297996158648
-0.7063094740794411
-0.7421338552505758
0.7157703395607269
-0.04205075474527198
-0.21661064273100328
-0.7283893107956669
0.1145858303632683
-0.7523891132223648
-0.7028940958063674
0.20984487019424214
-0.4122585489792019
-0.18551365136163844
0.7282363147158184
0.8176740745110409
-0.07632164913526873
-0.22795512640762006
-0.04779866018929835
-0.5421251538455951
0.341601470501701
-0.8049079687141236
-0.3928183116739523
-0.19590823482590336
-0.30471529500004246
-0.9547304889490305
0.4137949484786485
0.6318976460671488
0.23865472858923487
0.42022585701304926
-0.7581570101224424
-0.8855192610655038
-0.423957049262512
0.7029973306729997
0.8926387255636685
-0.7811877331623249
0.9262241992645881
-0.5068429377145198
-0.3856271198390533
-0.7079481655155222
0.47690583982317847
-0.5934669883338004
-0.19523577666267466
-0.9489531280329622
-0.9315786639664927
0.8164291451791703
0.8879945428642759
-0.5957769581232562
-0.7323903284159514
0.8973692579172781
0.14862946066781135
0.8998481467014876
0.46580605687280485
0.5874932429218445
-0.7754324855588992
0.3838127314066069
-0.791170224186087
0.06153861392103699
0.38162861675624193
-0.3356877009738015
0.42505473938951077
0.3264687700233049
0.05570289954869412
0.0138338431473366
-0.13956029664053982
-0.5600443715312726
0.3341237670570685
0.41848606539714805
0.7974436736548078
0.326286639824406
-0.05224478123035081
-0.270805993670278
0.3948075614229529
-0.33492463386082316
-0.5870312520632501
0.874686017428397
-0.20864228094026838
0.37848900703152233
0.2853831791040746
-0.6011825176117389
-0.4452384777807814
-0.4011161694667338
-0.2690160045850152
0.07951758616750748
-0.8936955438384495
0.0978569581842701
-0.9147562165404237
-0.1829599131995432
0.3119802213980556
-0.860387950477822
-0.5318523512473479
0.2199323900297172
-0.7234529167112373
0.9127821744485105
0.8722616762334645
0.5809378309256596
-0.23749080592639915
0.7300721873776925
-0.4211339388417903
0.8403982672034296
-0.2561810989676254
-0.16800584787571538
-0.7544109800905505
-0.6903387984591554
-0.11848127911344464
-0.6246158642708262
0.004983662215771734
0.8383439611031045
0.7441027554290316
0.9537208547755986
0.22260839220391127
-0.6474912226858833
0.3692238374939434
-0.7061822765230372
-0.1292032249013999
0.21004769758322062
0.419200769602045
0.45291876106433815
-0.9128272763797416
0.476416176362783
-0.23796495180101962
-0.4057754055385516
-0.560601717942746
0.027469893112654242
0.22403466238085068
-0.1752608102670825
0.7011821365183806
0.5180802791769139
-0.4098391955743199
0.9008254515568983
-0.33416778551124526
0.5587015619552465
0.437454553232522
-0.5760526438604203
0.04432931516448124
-0.49923256943201877
0.17183485000049514
0.8717223448033118
-0.1421907202808217
0.6134312356051401
0.09117302410470463
0.09609058893213662
-0.6556917188373899
-0.5129002950190928
0.6408292650221306
-0.955834080191823
0.23586985801057048
-0.863887574042218
-0.7659252810960591
0.06285548286972031
-0.6352875960711457
-0.43709868887471925
-0.8091236938766824
0.4452886890012733
0.7906831000578631
0.8580355638969879
-0.9640095718147916
-0.05247619727356456
-0.1587111749462804
0.1769092689132632
0.1760275953300392
0.6738992848877332
-0.2651752389139963
-0.004979606472193421
0.8794292270374149
0.7514717034613647
0.030072757659842075
-0.39327405921909886
-0.09304987099772366
-0.11371813203842707
-0.7201497700407322
0.6499261000024255
0.3424740646118414
0.732328758020685
-0.5464446190703254
-0.5857873067122894
-0.3690818858041407
0.4871924839202144
0.3572544447615853
-0.6368645755890552
0.1574600355558773
-0.9201311758395501
-0.05761051905072767
-0.5054543472533308
-0.6863911347140474
0.8001942700392706
0.1906032466219616
-0.7070276957924921
0.8359297443899791
-0.6062660551139878
0.43511568123490685
-0.0086982591880993
0.7031416739545062
-0.6740703353037341
-0.9658583593829047
0.7688784069647803
0.31029717822442837
-0.9709290544258384
-0.24782230150162876
0.7135609128026519
-0.588390109588969
0.442331906672903
0.9066273765482122
-0.7307837322069535
0.6098584377322349
-0.6121864906189802
0.35480335684129205
-0.3064670782385388
-0.021277019245644624
0.2533022409712331
0.45710650797949093
-0.8600641950986843
0.036704043450205504
0.06082595671731483
-0.5310535328261776
0.7082030632534702
-0.1342621913755595
-0.38784981522229844
-0.2935505502687308
-0.20832279422108746
0.09004448832354228
0.6048572451687275
-0.2517966086950574
0.6897156328171048
0.6061170632980972
-0.8454297527354471
-0.33965652717791195
0.1839731803068143
0.22416438522975524
-0.5213657366234852
-0.6845491875459679
-0.00865459751844
-0.05986509811656826
-0.1788540630676907
0.42048012150550607
-0.5293715839968336
-0.4204079322921024
-0.5439657804524098
-0.547123014014935
0.7024127076452307
0.07402669297385489
-0.05904314788889731
-0.8309291421966447
0.2511656133568867
-0.19821961174540137
0.023999093428296536
0.1840060034167299
0.6177222597945746
0.3332655949593595
-0.3664501260606907
-0.6952430624377479
0.5209324943410854
-0.07959310381248441
-0.4366518373268682
-0.3842731002663393
-0.2688427239577518
-0.9983404313217838
0.5324206177191926
0.07791915408127403
-0.4267888047238806
-0.8708356596602316
-0.4701208262324468
-0.13129494474841907
0.36316841070593164
-0.30147714700686246
-0.957599818262636
-0.7398690759247475
-0.659300633282135
0.6045439669834023
0.8325989580464566
0.8837017035253596
0.3196417125034432
-0.634488956783084
-0.3877045516662889
0.20759954988128282
-0.31033204739681075
0.7098321938036489
0.7922961569497127
-0.2211815763698881
-0.34462973793507024
0.3605888776838546
-0.9911516690663127
0.23376038891269246
-0.015458020312995036
0.06484608932548541
-0.7544514011943628
0.42573558371259734
-0.3706474139190179
-0.18178960489103635
-0.683493548792907
0.8585181260020165
0.07205074986071835
0.9678649757243498
0.5476429763215886
-0.6750745813359196
-0.009174816578333855
-0.21207845250998303
-0.5415007134135119
0.09266367927390129
-0.016918552676025156
0.6945790249064066
0.7041034763631719
-0.41728077129214913
0.028740426944853015
0.8188168032405239
0.791355222461068
0.7302445163901676
-0.09001709395343549
-0.3016201939168939
-0.6312209560001751
-0.8139680272529959
0.8097339478149319
0.605302455819468
0.1639367403833798
-0.8381090266640767
0.09517227069857204
-0.28404085145064784
-0.7268786685325248
-0.1750871260993021
-0.4323681918870699
0.9347300240612593
-0.6070977378118287
0.38373129270329387
0.6695744198692037
0.9648776069734801
0.7482083779701985
0.8939768547112403
-0.996527980793461
-0.8842617349132749
-0.035341285112268084
0.9952182934441742
-0.5709152480200739
-0.6563383188979399
-0.1625907892683951
0.7180179218015861
-0.2885719839099028
0.812788438438399
0.7849311035734994
0.7904534889256267
-0.09205804689060271
0.960725533293352
0.7855264435705971
0.5446479937067743
0.013973537828795068
0.016268034070682225
-0.11818338760358005
-0.035972497731335595
0.3443300016019526
0.7787330504762333
0.7268788277853944
-0.8162745649273988
-0.18819073461298896
0.13430753403501017
0.8994889975020115
0.2507539990149956
0.6868526301814881
-0.372571063138891
-0.8781621896031784
0.47435298809165327
-0.5286995968656742
0.4586813820860627
-0.6465462607010395
0.687730444545942
0.6399736537891039
0.4390669945631822
0.9310912159903113
0.8037938413783021
0.8690105293815653
0.15380084839631736
0.21809926009105585
0.4145855806536296
-0.8154450583377848
0.3368369852780593
-0.9142501249709494
0.9064425851539326
-0.9825223963034395
-0.0716383356746475
-0.10441395893488048
0.67217750963165
0.36918557335249447
-0.3627032835539008
-0.5874262594238706
0.7467931717753717
-0.2971778392636919
0.31943968247626153
-0.8856993291227517
0.5708761353255207
-0.3115106387510762
0.26972484654164686
0.4783085701720642
-0.9611727772931531
0.23356708181149477
0.6137684633740506
0.03504447584395676
0.4080730243505468
-0.8680438863386346
0.30445893285236414
-0.8870435760942832
0.13387671643049703
-0.5276606029981001
0.4160160467115004
-0.3536915138703509
-0.900460970657704
0.48010166661983833
-0.2448102749537755
0.8690252597625887
-0.7572602194444324
0.22730612962143892
-0.7462076873198886
-0.21405519594591982
-0.16951227790682233
-0.0724240935696705
-0.6373176685122404
0.9196071865996756
-0.4937285428352445
-0.6158098580271327
0.09115707003057816
-0.8768781490950606
0.0507224963678925
-0.531972283267063
-0.8320563527415135
0.08618708524611818
0.9494572827983758
0.34322726986712104
-0.783604491578541
-0.6820243165384232
-0.5147803429174489
0.895401989623289
-0.5569160254155205
-0.0148204288580005
0.2983057520426817
-0.7245029854368845
-0.35024099550515797
-0.9615979696084798
0.8844727290805765
-0.10250386230740571
0.14254233352049162
-0.39584117632324634
-0.0009029417815951124
-0.7958973290384175
-0.6500016789920131
0.6840381657489889
0.7610994296057345
0.03289060124228427
0.6703174611349678
0.03101710706178462
-0.22044991626941424
-0.30712870565377015
0.6013755833626602
0.2046635062677029
0.9084133595878194
0.14455786851174168
-0.38484973039058157
0.21995850295456454
-0.7309790779092606
0.8116005163583282
0.8267027779444953
0.20301619421947925
0.42969303483979515
-0.268234153795339
0.9891855875305511
0.5220884354628725
0.9281357343159413
0.26012796419078055
-0.11744281093522635
-0.08827265213534674
-0.4038324029999054
-0.8330385371003104
-0.7994045327245036
0.12564000613355297
-0.6774638449591113
0.9511045883619065
0.7649415837195133
0.23563045353533218
0.9944314200279196
0.8726576160036763
-0.1907120668986575
0.5557964065112244
0.5292809376815224
-0.07692035323993474
-0.7942479908119964
0.9266509825406639
0.25396483532212755
0.09154262428609772
-0.10618912269603831
-0.5212878907074008
-0.7433287776274577
0.4447447661945161
0.6476092194075558
0.46466174449532316
-0.8391419814696053
0.5847877088448539
0.5310027446516723
-0.591213597395716
-0.6349249018848044
-0.2884036580284013
0.23500094091849633
0.5131807819486252
-0.302655958524487
-0.0817318095170565
-0.45231452783804493
-0.5833004525541474
0.7242830610736377
-0.9185676531336715
-0.704543530568436
-0.8042582206451736
0.20840314713102104
0.5060176004557573
-0.23906247566409755
-0.8786545011124265
0.9383403750383179
0.1373578330254308
0.6715143041845781
-0.7038497400093999
-0.5372672043462339
0.8049994234417146
-0.293415791677204
-0.38057661060347914
-0.21281240719885375
-0.8509489799552192
0.22444590148646326
-0.5760584894383354
0.3306846800311256
0.2875301307422531
0.15378752329873824
0.40999100799040655
-0.181913448133858
-0.28365256514771997
-0.8140138658205409
-0.5630438022410389
0.7825371440236104
-0.2592398846845898
-0.19856041328106588
-0.23155376326710697
0.690333165127017
-0.5868858285761807
0.2919273907482105
-0.9769058456387489
0.9483917565659765
0.7033349554276134
0.1209287035033817
0.9001154279616961
0.728996131946472
0.9327602461026938
-0.9485972094626762
-0.32122779213346186
-0.2704159070218983
-0.9143450903398989
-0.9348644919687712
0.5004492358439869
0.8243686802251013
-0.23075373504191576
0.8720413096169783
-0.8618697012987953
0.541597727725553
0.15739684177610536
0.7105790052551106
0.06054326043690006
-0.5922638838050089
-0.5305323042561203
-0.6519563270698283
-0.5833761359902863
-0.9762879828537572
0.18550685094340058
-0.37000507122091153
0.39788724547791277
0.6214384792526193
-0.09720511861566816
0.46682236703427216
-0.25498241125464727
0.7959127014428629
-0.5793486461271644
-0.542407179420306
-0.10836374398488635
-0.6471438110886012
-0.559746232253165
-0.9009266141070178
0.08745455092518917
-0.23486168943848584
0.5149114191475253
0.16466403060468804
0.1447235316422517
-0.6418562533982088
-0.8947026322928551
-0.09967837105691624
0.964924535652576
0.005333421973025887
-0.17370504582013924
0.23730607242717983
0.38554295773392644
-0.9829532740288969
-0.09994927317687052
0.2198193372786974
0.8552622866174533
-0.7743314101384013
-0.9150774206915793
-0.1499099061718634
0.6060806417336593
-0.5385179691584037
0.8634242065310971
-0.5121983750664492
0.5928769157454585
-0.20563924239149167
-0.9612956650652913
-0.7994397307816916
-0.2969387334009952
-0.3489289987873603
0.2553639368422498
0.30427462144948914
0.33860319384865956
-0.06483826646004753
0.8642885136414566
0.6131266321155957
0.32125139853755313
-0.1284971653593494
-0.5345507792104465
0.5220399634957793
0.17206974951516263
0.8800164307931648
0.13803123167024878
0.416564434420557
-0.016355895201343618
-0.6482866636487867
-0.19963586258882238
-0.5372151640883123
-0.4476593050066495
0.5466012966445295
-0.8609416767231686
0.960618611109872
-0.3254488852260309
0.5543664502579881
-0.6939352027790862
-0.5062872571179826
0.14439453688060055
0.35899628199152045
-0.9166411573847368
-0.29434171834390166
0.8139542177105026
-0.2775515779572024
-0.8861385349503039
0.77961683735449
0.6296768395128323
0.0584552432856571
-0.9829173073001318
-0.1267694202536942
-0.02231062825246921
0.8435739165339691
-0.15877822485504756
0.4456319572289915
0.3118926398438697
-0.9642039259390709
-0.9744007183314585
0.5357889624174812
-0.4162359334713124
-0.7809758978650716
-0.2962769381599557
-0.35117479840497934
-0.37238371766628364
0.4093659965291061
0.6600360267291019
0.8379524445985203
0.1580160371995354
0.8147945702053521
-0.6062175753774837
0.08341933434089221
-0.9033472150958399
-0.23256765497990473
0.5840690480846567
0.9364522914537463
0.4701420141946888
-0.6190485043508318
0.8874253664900089
-0.87643901214504
-0.11317367598802597
0.7702783532442092
-0.1017547415461697
-0.7853936426282255
0.6739221277571126
-0.78080521773801
-0.6406465138107307
0.5733494399457597
-0.18991003133180295
0.5689561824677107
-0.35760474341228066
-0.14414263291265472
-0.18292080321963677
0.6844773673557603
-0.19181156972687496
-0.8219993473127356
-0.5743420565253565
0.8045493174692682
0.1960652569693373
-0.4637344995271626
0.8142419113491719
0.8766036457093695
0.8890590662170279
0.7248422788072877
-0.940299359051709
0.13818836816717162
0.6896170959724071
-0.9848783615008032
-0.4135673314278059
-0.32552180260522023
-0.9721560939821632
-0.18168834468482054
0.02128879299278208
-0.4150968554090462
0.7089614314880386
0.055557625359847984
-0.7164974570203202
-0.6876459399582917
-0.39535310668842594
0.9936049177346673
-0.636122272499118
0.6442951645194817
0.045592777422463815
0.16557560164215857
-0.6771121516947674
-0.7222914566545016
0.6311117892459055
0.17357439547081888
-0.18279882093353939
0.31236891992597005
0.9479998450552221
-0.7934879736836651
-0.3360057681268249
-0.7547790927291063
0.055153978642247026
-0.5652690366852025
-0.09162152648358135
0.10340058128619756
-0.45060197104928834
0.6902033911300216
0.6333429441056362
-0.2150106713611255
0.13565560874846372
-0.09934216026401765
-0.5171519587632678
-0.16566649556708035
0.13291090009415618
0.6512275202957072
-0.42188077868666163
0.8360336516527509
-0.5224066723503071
-0.31289801319399135
-0.8311051313716211
0.8875483541142652
-0.3227979514271233
0.23175993730450783
0.9607841351473398
0.347391965145579
-0.28146502544242447
-0.9125913988466994
0.6386889531241895
-0.5691858135560388
0.044592053628623285
-0.9651241804135267
0.04233572657066631
-0.8870563749880218
0.07455659757586508
0.8201654275029815
0.9398492961024865
0.453991267153651
0.7730180611378885
-0.823683624327491
0.610014790295905
0.5189642915444956
-0.6840723242289912
0.501738164091861
0.14644902975922292
-0.4696640288863039
0.9679690745676124
-0.20778003285465663
-0.7153726096346047
-0.4400123776800935
-0.2871177193820129
0.8865788339845122
-0.3879154273280312
-0.8327044012392109
0.13792013437257755
0.007498019186535476
0.7726613542686842
0.9899955189107972
-0.6092933892067771
-0.37016757942900114
-0.6937326717609011
-0.785822612549222
-0.8540733378126468
-0.9026119590962411
-0.3000035959963321
-0.7538208542293261
0.0396860418967091
0.25456351117020337
0.14942493134596946
-0.8463218488326809
-0.11878405592459829
-0.3553905797729604
0.23250201149928418
0.21066195508048313
0.36614963612171847
0.7672808855122424
0.2943943592122875
0.3545242781155633
0.45345070432402657
0.523519455079682
-0.8134428604621997
-0.051424365279676865
0.9393669239710349
0.3674970978155283
-0.3710388864277545
-0.2740502428506508
-0.4468981426318279
-0.2559850659373746
-0.25153232410282267
0.4618719457235114
0.17458959924986694
-0.3521402268763425
-0.032625551264596764
0.9741926400510132
-0.25130112707463437
0.6098959432529096
0.1700930891165504
0.05498393882252994
-0.906573418802892
0.27403323765918564
-0.33544897922663575
-0.6507971218773525
0.16143046454079335
0.25426820822543417
-0.10762709996388753
-0.4514878566816183
-0.5002274790556349
0.8223499283884625
0.36903173585603266
0.36477084677261806
0.9302172816122429
0.7057730093889114
-0.4056261627708575
-0.7761487037089847
0.9817722661546553
0.9667091624751767
0.37681341461999596
0.36160514428215995
-0.41497154731552555
-0.39374838659990496
-0.9203557589289193
0.001036852812525746
-0.2584658313785615
-0.9028645996725329
-0.9109579796264375
-0.5523876315819392
0.11778800757997976
0.6331108204067275
-0.7340817205874826
-0.572280989798853
0.2573630427946436
0.7350320378186452
0.9301419087565121
0.9561366471112638
0.6700913317403716
-0.7589129771743253
0.8597227114633952
0.31128241385542776
-0.6272514534804488
0.2992237890500513
0.3445139824211021
0.7838806364711202
-0.5774238469676107
0.5684970600623671
-0.20457634658165347
-0.7700077527200038
-0.7233328441412519
0.8498555011325792
-0.9858392705590797
0.9246728083581046
-0.16732193276553287
-0.6340008388632332
-0.9000430321116752
-0.9969285793193969
0.9360795995145839
-0.9251022232382489
0.5793688828974006
-0.6770808810174549
-0.321130308605426
0.5017723215009255
-0.45943262786381855
-0.5284969755820343
-0.6362323351860568
0.9551197663115498
-0.7745769128464779
-0.6821627170105178
0.6668800554644652
-0.6944520366576756
-0.14467631222368027
0.5747393771926319
-0.6573767134311119
0.3497975560008617
-0.6021758732912583
-0.8874859284967973
0.964714509165117
0.8016544778438928
-0.040206548863451985
0.8217256029727746
0.889538110032815
-0.9014726622710041
0.7811531123657001
-0.7665547078501735
-0.6541054483036619
0.2309479515670103
0.8313579078464581
0.04746555944576225
-0.010003847620380535
0.7149185263721693
-0.32889900916674386
-0.9719893906400328
0.6699108795738986
-0.9746728804570393
0.8066617084314642
-0.005750959857709459
0.32937632197592914
0.3408677926899657
0.8785586569555188
-0.44383360322976495
0.42540101824256626
0.811618991234466
-0.6965583340071619
0.8713071132810013
0.9709779539365326
-0.2723553771174967
-0.23262330290980482
0.6999211356103838
-0.2775703703160983
-0.28232819961798894
0.08486366973160786
-0.2663026372007873
0.34199959522512313
0.8287066345767546
0.6861468634974119
-0.3026832407788631
0.31649059019367165
-0.22393826075185874
0.3119713277944982
0.6382660992965659
-0.7679303386767136
0.734777943819888
0.8074727555837986
-0.2669675808570562
0.416105880199787
0.10930621768457272
-0.4606405400777789
-0.39684689189058076
0.2021532910689785
-0.2933453590101649
0.40653416847140567
0.18136629013987626
0.7607085881624727
-0.7279150433505428
-0.31000259032624844
0.09881813266724171
-0.9649203645370696
-0.8987898833214758
-0.8010802292645498
0.38899853672870166
-0.9789405954150185
0.6270927740109606
-0.12765784105256794
-0.8611401357655517
-0.43797092883482724
-0.5734250350611338
0.5286616552957273
0.37475295424425115
0.030553640946751948
-0.8623860858146555
0.4120392758751059
0.8509872539149819
-0.7602612763490342
-0.9786810452153851
-0.2691846759998946
-0.6644268352275369
-0.922294442823347
-0.54243831530404
-0.968047188565633
0.21577812541713004
0.5926023766173167
0.5036216215150913
-0.6998177246604615
0.6106400168900414
-0.903012967660445
-0.30186517947414493
0.27503276020905076
0.24668587760924643
-0.3321789836606539
0.9481462108230865
-0.961005598083037
-0.8949866487968181
-0.6633734257591211
-0.6861768366139394
-0.6009951913649985
0.35592000088541753
-0.6113870899231726
0.41480063685136703
-0.5216585822068476
0.6578395026458617
-0.2246878128362133
0.4669718082798304
0.14457556384951453
0.2549689741456407
0.8475776411448763
-0.5816224650653214
-0.08396690453807287
0.08744191354142239
0.7598174777776256
0.4066374479965593
0.16582029879277482
-0.45481059245895183
-0.6041018076491107
-0.4402423982653756
0.023470924125333692
0.6831677691346214
0.6830567574003794
0.4357535864336468
-0.6555901084809304
0.4108343691285148
-0.25738450623319675
-0.5005260010164412
-0.3968214222582256
-0.22695530608493075
0.5537670807853898
0.04156446520210455
0.3112218555747499
0.41098016374712265
-0.004490021141076772
-0.16968114203219264
-0.03463265823075723
0.8520071466657293
0.32321008487607394
-0.2035076183586293
-0.673743085617373
0.08228044041325133
-0.5760116787367899
-0.17172083823487228
0.9471082997638292
0.22248067354611312
0.7748636438850005
0.5747941307507844
0.5795878377621146
-0.5151693723098529
-0.32807147069525944
0.9377522873084947
0.1726229999993465
-0.6948141348247385
-0.8946267678768096
-0.792989994432733
0.10293356525756114
-0.4711715523245077
-0.45588950167919995
-0.19943830655416894
-0.9355704789315753
-0.44466076542464017
0.617383926597945
0.4882034329020932
-0.607643759803062
0.40485422660933446
-0.5330804189853164
-0.7058835298126074
-0.36513952215338064
-0.9593993308742157
-0.9008644451174208
-0.26830202729379926
-0.19592417997318679
0.17666212248817126
-0.5345761945051777
0.5051389457947537
0.14803668576890439
-0.7240699324475579
-0.3733167154302355
0.13271081645571448
0.5344976052610932
0.8691894696106113
0.14900358063679975
-0.41514333287423466
-0.9519147644211334
0.8808481956779068
-0.959289149906448
0.8297210953024909
-0.8384745728703356
0.23089247621767495
-0.8254308190017838
-0.28941739702752245
0.6491501970556941
0.9941250201791987
-0.7001156547281873
-0.8995357838126152
0.9478166514982138
0.3181979754875901
0.18569782803364032
-0.9835605605514501
0.32620903416916613
-0.9990834521854499
-0.7135967644270553
0.9244744126413269
-0.056179438465210785
0.7151294232068683
0.9391617731221136
-0.060967423208832194
0.7704994515499042
0.4125987144756067
0.7567442468302688
0.6902727090081833
-0.5815421472863707
-0.5204351793602933
-0.852781094474296
-0.30799825745770537
-0.6999409564760999
0.029190082712811316
0.8847477396859287
-0.5604414964021511
-0.03516220098442191
0.15790176705713566
-0.7201078374011469
-0.7215328341934779
-0.9596547080069848
0.5386150756917247
-0.46300885734141395
-0.6230549523562154
-0.891508282195925
-0.9814011586574969
0.20287724783291416
0.1788837426588603
-0.7780672722788626
0.3459216210820597
0.8703349636179198
-0.611795152177995
0.9222584529869626
-0.4633514639934153
-0.054356159449892916
-0.37074686388821165
-0.933906521789782
0.1765605080271866
-0.435262413839812
-0.3641136020676896
-0.19483537296718034
0.594167413894716
0.23836375962355194
-0.9552630619339848
0.051941336809584904
-0.5257098581689581
-0.2749559652776501
0.8898361931237311
-0.7550155238383731
0.5310392467243108
-0.1181247841376416
-0.6226131652942224
-0.8989012825403653
0.323283964593186
0.4357814526635704
0.6938948211728446
-0.4122443176580681
-0.04666370035434597
-0.7192219837952232
0.919165942925255
0.9290491715951801
0.3321189395811843
-0.21677888798133638
0.23523010975417602
-0.9087904870616972
-0.8630572873282729
-0.8695919051320782
-0.3759821514540711
-0.9224146405178726
-0.600447981134254
0.06771023016266531
0.2014442347864811
-0.9953703515239192
-0.6607437280169157
0.6577374307336779
0.3116769729926878
-0.8475490875997198
-0.31210561352957367
-0.8550978585974496
0.14202649155175662
-0.702001976680831
0.6450077875797993
0.25922028633713046
-0.5330671369572817
0.306257438887642
-0.7412836740764392
0.808690134263341
0.3664471396331537
-0.3465947682516721
0.8199100624546012
0.8123621447202172
0.8537125952486382
-0.05246025100806806
0.7639266690976352
0.5876280584722677
0.44461548519155225
-0.3683467401949734
0.27232190407416046
0.8834448616692085
0.8676089401685922
0.988815108652229
-0.7279464348256779
0.5330507919141294
-0.10271404303439668
0.5794410150874432
0.830068277914894
0.17378037604176777
-0.9184119515255482
-0.30413017085910243
-0.3953627272700384
-0.9165849736251761
0.3459139872020325
-0.14425833620808604
-0.26788710621916123
-0.9164738522832123
-0.230104531956264
0.8760473030959233
0.9106957737695804
0.1860939571825091
-0.7250872210534747
0.5437639087528123
-0.19481887268942777
-0.028660226040811088
0.8292154730787338
0.6389681523504445
-0.15815478715004994
0.9779764946815461
0.3738866531199423
0.6442064342539482
0.6557197709010569
-0.7322047704701549
0.5921394895456442
-0.058572122775770286
0.43778152787315805
-0.6545996639433744
0.434243781893495
-0.5044881564967723
-0.6241481251030534
-0.25896258045354803
0.16763441512109223
0.26331067487829096
0.03518607981283606
0.8101331281884852
0.30047134004591536
-0.5992428433750294
0.8535270912720827
0.8776130856474162
0.8296498037045992
0.38155277125302534
0.12874046097959146
0.16248457914275782
-0.6013001664166564
-0.048455488688667
-0.4127227781269629
0.10335845015053025
-0.7847580808250436
0.13594077010291605
0.950511908650626
0.07245828018666645
-0.5302088375763618
0.4334946889463227
-0.6644172839129394
0.17816316331640936
0.9098870445061051
0.3102789464378066
0.8782322450514035
-0.011192311496950103
-0.8766905981512567
-0.8053960927993837
0.7673257543260557
0.5133546119830601
0.6750410498907389
-0.9789948580500276
0.04795365443612254
0.2723897243190325
-0.6549351219126613
0.8758962694166883
0.6456229023557236
-0.8541135901793426
-0.5813830341440165
-0.507302372374582
-0.04336812819606162
0.8738990839318082
0.9491022928363559
0.8900743732629233
-0.21951746440846653
-0.5374047115778877
-0.3419053283465072
0.8348858544373721
-0.6463579987914774
0.006808716398651216
-0.6636750138053269
-0.9801966578532748
-0.03797238737010944
0.7072864746769965
0.4671095511712289
-0.24216622950660938
-0.16100568793700298
0.4316932424658406
-0.2544280669849157
-0.38932431388344746
-0.8169863466198304
-0.1916664235112191
0.7734268845381356
0.07561917508493154
-0.36265175774602687
-0.22384695661967502
-0.7538469682310427
0.0027468012920781604
0.22827453782390572
0.1981939811065372
-0.7720512639091048
0.12277097825088412
-0.3855545938303997
-0.7543023359530645
-0.6339735310391377
-0.8833777738730226
-0.1354088829415938
-0.2499261819616967
-0.29224465411509715
-0.2362879247272338
-0.5286405147355033
0.9650331556809335
-0.8224632991890093
0.9324945824937871
0.98029762733097
0.19987446926942054
0.5582004277554087
0.9169008548775515
-0.641707551494032
0.6890392169538533
-0.45368314408776
-0.2687787552715639
0.6539901175268037
0.7171041363802595
-0.061578087211222376
-0.15117177069624765
0.661752394014667
-0.3936769849753954
-0.9533374873744898
0.7793884103114286
-0.6433635102346835
0.3695807802182869
-0.6422715851843488
0.6283751521749221
-0.5567820960154284
0.3403739834686934
0.9557375216095361
-0.8174471902378928
0.43239816719609325
0.81520883677515
-0.16144731659959688
-0.0022521398348596122
0.7028523032147824
-0.2311815562708195
-0.646107180222947
-0.022821498311430544
0.8043962326378351
0.7563078810200179
-0.3217382120091057
0.477265987221569
-0.905852883285972
0.800061018096289
0.9270100856777161
0.31698901716888184
-0.818277584842334
-0.7803030490570664
-0.640907589778589
-0.18108214151820445
-0.5386739197757069
0.1463650012544786
0.3403134217337189
-0.05229885735198292
-0.18025082051591435
0.22933679720964983
-0.15263042365969048
-0.8939861524136041
-0.48003075962176256
-0.9735621544019106
-0.39395833124063073
0.38732821149501095
0.9927488208763797
0.5564813468571737
-0.9835088981377809
-0.10314208038603767
-0.19914136345618383
0.27934446903197685
-0.26994282389299595
-0.4975281101948934
0.8872832767188201
-0.38683156489678394
0.028086019151966735
0.3022207175492584
0.4171405690875849
-0.5483549737069455
-0.6168540120898591
-0.07286422746065768
0.9942734318164166
-0.5854760781937565
-0.3516968712382982
-0.5753777530289839
0.29849076876109804
0.12991208558849165
0.9875879384888251
0.6031442955372908
0.3332893326548738
0.9666884859704996
0.9263158161199352
-0.6332581141064488
0.8648932394645836
0.7316608107918714
-0.9030590421400404
0.7053090332502407
-0.2668745353812858
-0.45107337268064374
-0.3651958257647092
0.22426541294771063
-0.7282976933921477
0.6523077124735857
0.2285448504777785
0.8589302010738629
0.10965268298933917
0.5480928511018546
0.2428515955540893
-0.21671062764974036
0.2264648428872853
-0.31757754247680126
-0.5962052610100699
0.6229390314277652
-0.6651868388353661
0.8670709236064436
0.29556999111992543
0.23131839212496064
0.6298436644930987
-0.3772183632883481
-0.7971521586181984
-0.40656365450467646
0.14022131257720583
-0.42178765101501203
-0.9892407306402136
0.490342687403881
-0.6263505173894626
0.6476451008463198
-0.9282044612902169
0.8758939669061445
0.36630641802383
0.7640101435288564
-0.8124026682579004
0.46856408329872723
0.7078784697826495
-0.452943289432683
-0.05454202781840789
-0.7130381198278095
-0.8079055306143548
0.5307909913026487
-0.6282209068232234
0.4681961287682541
-0.45516905156455945
0.7821124228946783
-0.1773022996035556
-0.0693635515749289
0.3633666039750605
0.6004794717123065
-0.8305839303375986
-0.06801830659126651
0.23041292352037868
0.5447522719676385
0.9765948668483411
0.3928399862165497
0.8847140639605902
0.5386010955866509
-0.3910308944423815
0.47337894858388596
0.8242984022189983
0.5924302434963815
-0.45853482991283645
0.7221691093909772
-0.7643752561554009
-0.5643484081707786
0.36581835242024763
-0.699803370548886
-0.7667911682610871
0.48371305818477617
-0.25830389676474863
0.9358304101359971
0.4478390644146846
-0.7068417240027982
0.7007376192628214
0.7791895023017013
0.07054783332470826
-0.29755730337788
-0.033375395389048546
0.7550866095731035
-0.5223329437522881
0.6670146608754242
-0.8399189258242528
-0.2855534463832916
-0.6920199085118373
0.9139748889519392
0.5831517696260202
0.6516921541171714
0.33199842606734054
0.30334311950040793
0.7423222955172997
-0.9107693490541235
-0.4889088961915631
-0.3556843303495587
-0.7489195770267931
0.16751311303206018
-0.4740840706258491
0.6482619195076793
-0.09365093858199613
0.06947335031531732
0.04040225191029956
0.5256681472183209
-0.23475008238870476
-0.5279639727393266
0.2992021860424716
0.008235289928644418
0.4467527406898206
0.2680869415787366
0.6284156492182558
0.06789710035716956
0.17858869662625199
-0.90338368451789
0.5563095484453129
0.253859381236085
0.7059113611961205
-0.30208323952485205
-0.8977685796852237
0.930390604658972
0.5022519915595893
-0.15190918014300214
0.6112778577575013
-0.760652689177896
-0.6996741684723486
0.4251450179273446
-0.3031709756705425
-0.35492345671955716
-0.2644202188458573
0.714627495924812
0.3895307106658359
0.1424941119092733
0.642758566277557
-0.700670324834566
-0.830243808312032
0.7525106450083641
0.4894398553982351
-0.20052382565287186
-0.5993566564897883
0.3574814348716482
-0.748990667380403
0.9438690759876913
-0.6427170076516575
-0.19772032586272026
-0.3722821537498868
-0.9958134975595379
-0.9991627651128347
0.95517263576538
-0.37822616445407453
0.6401526279258192
0.7883681200193817
-0.1264864086134334
-0.2372858625136296
-0.9467132153792963
-0.1998446939299492
-0.08311141956546497
0.9236879809950591
0.06464175900168057
-0.7038433027161819
-0.9592518136178294
0.8599066386050749
0.8737716240849247
0.9526377885330124
-0.8463119764477152
-0.32668552056253763
-0.985429189154851
0.3314969030275594
0.7877800397181487
-0.8386593134174865
0.576120186814471
0.9368689541624193
-0.22961050807866568
-0.8152334691449747
0.029473529300862777
-0.16541802119019366
-0.830134490146508
0.7919522320467987
0.2675618646776927
-0.029625626514281356
-0.11149894917604608
-0.07893619995707346
0.6412254976492402
-0.7039697609182738
0.16222585951375312
-0.6354712185321287
-0.31920793942949155
0.9039520168947359
0.262218074267919
-0.5007060560021357
0.6730556633166449
0.3384057699133054
-0.7394236884065426
0.3058992307726911
0.669342830547361
-0.3189295176470006
0.05026374693810909
-0.6919928741369703
0.8150531860152694
0.7692498338448976
0.840266537893325
-0.8766653347082038
0.00918356756524008
-0.7165717465188906
0.915636096187666
0.14631575291416077
-0.4109570663126585
-0.24328086713308972
0.47160460805540794
0.448609408874145
0.0009533393485035013
-0.6514561861173764
-0.43123164139024395
-0.022232337979976036
0.21810218124758385
-0.47584456911836637
-0.07018630978190687
-0.40394565087462886
-0.5491822030834903
-0.9425495760108342
-0.2805264975696804
-0.16966875047506558
0.29589637134657343
0.32129007062927806
-0.28443703664694486
0.025671597378282174
0.8066937414035942
0.8365068204119717
0.7909204524491613
0.3173854511539429
-0.5679168056099999
-0.5769223962045034
-0.827492115671232
0.84582526319147
-0.8587195730699002
-0.31034967942980396
0.24970300415698876
0.8763211663724209
-0.9241812917953263
-0.9141396266915189
-0.3610375869091331
-0.340313419985695
0.07334730026575431
-0.540070425559523
-0.43247505187741986
0.41959966352683664
-0.09674823598290505
-0.07729639044450742
0.8484183335552016
-0.8293740765182966
-0.6647250467385628
-0.38570842840707265
-0.5024978734267995
-0.5220859525420996
0.02037940789918724
0.9937155423270216
-0.551964348758464
0.9855926399463888
-0.4233546109056301
-0.008207789243298125
0.14510275557441044
-0.6726378376016671
-0.07905274252223693
0.7511028812568357
0.4855584716777368
0.42482160198442265
-0.650685787823867
-0.12834536088046944
0.8077799254779321
-0.43976845431717937
0.47035610353427626
-0.32826946381399424
0.27520789250541533
-0.288154373219343
0.9211396931633196
0.5935154411585404
0.935737246687615
0.681302338892563
-0.10489025412102793
-0.8002489963292503
-0.1457918144319732
0.06763433243059502
-0.31595167988273887
-0.14680465375680063
0.8643428372058184
0.6828152217423678
0.03226233727239092
-0.9012887745929494
-0.6002485280432495
0.059765120008946404
0.9162669448806358
-0.4431881498390713
-0.7571762640484523
-0.3608902289986784
0.7069913685032436
0.8619782709176471
-0.8856937774035645
0.8032172647272924
0.9105243662855695
0.9128603294384101
0.06376837218325115
0.46577624742205703
0.4301786229011697
-0.14215559894008267
-0.05027121180139771
0.3552839173488551
0.262009124080697
0.6069325883290517
0.49966653218028845
0.11160093042584229
-0.6853569442766436
0.6087509329934437
0.08868164396078027
0.3349713771229219
-0.5691166242512484
-0.8749224731941867
-0.14866592830214387
0.47871742474367895
0.9993026137220149
0.7687157732115772
0.025177834358067974
0.6418542896165966
0.26912089311248777
-0.02414306231123442
-0.7865186952161318
0.6388030319851188
0.14922023948986252
0.3413660849625022
0.09012190621438054
-0.9901327017503418
0.06433596647436901
0.36453145240264684
0.7992756633499702
-0.04687016373498887
0.09373546841598523
0.5976114302404034
-0.4488790741088191
-0.6871387638815647
-0.8358151349839666
0.9705865543616696
-0.7870560944562106
0.5332110751126609
-0.02184166745563254
0.9692965815312173
-0.1586960354816347
-0.463082066546481
-0.8335105362348549
0.1750399284263766
-0.9810717540222187
-0.1393785317160039
-0.28045384530045836
-0.21135787615394408
-0.10768268443162454
-0.4697898962657703
0.3491868784625496
-0.5674448352370798
-0.7507139716774434
0.15749337157212784
0.1416121227039191
0.8274739484033218
0.9727231862655317
-0.5928472411919874
-0.4360398042604474
-0.16234907644199548
-0.2076768588247233
-0.7802038861558132
-0.16299908206596903
0.9346631956914568
-0.46352431081330825
-0.6309145051862961
0.022216733656799104
-0.2619712152306515
0.48823200963633195
0.9022929095365304
-0.5107691489962305
0.22121966772859292
0.724507351719079
-0.9059728627187549
0.6923290916461375
-0.021354410100973498
0.6149544457725142
0.4352930561080399
0.9496973721214579
0.5007207415186541
-0.663074228581692
0.8643343538551869
-0.7248836229515214
-0.6916861380820793
0.5447739800197311
0.15634424778901712
0.23814161641850462
0.7360674404378964
-0.8048392377632732
0.9288231196991803
0.7250554632944013
0.1931043354119879
-0.9389163735514734
-0.5175568957185348
0.6173617320478537
0.7816301594046982
0.19750025816650307
0.7513561745296138
0.25776019954172735
0.14967586144362954
-0.44776786600070295
-0.5586793730288013
-0.8245872794182354
-0.4476880713789939
-0.3932140697567603
0.21497887427816664
-0.4727469074290902
-0.07721596545420506
0.14746826904584087
-0.22203268130918463
-0.87601628637256
0.7702027237163649
0.34332689289056995
-0.1127994810027717
-0.2625461707200849
0.07859539785013814
-0.6932664228638703
0.3404340800335195
-0.05664263989206764
0.2372299142140477
-0.06964234089746202
0.5980020375603736
0.7220376156764441
-0.026082076049128045
-0.8860920095620919
0.6059155606676012
-0.34695906333593074
0.6549892642394255
0.9027139558439132
0.31237433425622685
0.17008407894631516
0.2605176396058615
0.4442338753047619
0.6723944321509667
-0.19449620392262368
0.09523819306159576
0.5994457958168184
-0.5564064496564012
0.14329693180644965
-0.6384598360678457
-0.6192604432586752
-0.8203193079968094
-0.12502736011836202
0.9853911498886745
-0.2087850445279189
0.48233122945158136
0.8561312582147125
0.1168266921731207
-0.17719671582141294
-0.4485058899353467
0.9537913132636502
0.7748461707610146
-0.3029324464820047
0.9342941306594277
0.1127509432988878
0.40858213562526546
-0.7353130728779269
-0.7244151969398431
0.8982907501805024
0.7969284512563224
-0.15288427672001137
-0.07054967693180436
-0.7360670816989312
-0.6449205323003617
0.9137767312752361
0.5986732764730329
0.5952079084984703
-0.44653526508698826
-0.4014961318903463
0.09655047441404752
0.8562854755776956
0.465742352716926
0.33866509205055984
0.18283612317066167
-0.16621419319587183
0.5818964283835224
0.6215754366827393
0.3380403068574722
-0.9136167777910602
0.7263915755007462
-0.7227036026960711
0.08994000662122636
-0.9800539448562906
0.8435910163850211
-0.12627161375732254
0.8730668461733686
0.5712002160944236
0.9905117166666308
0.7626510564004636
-0.023378321630228793
-0.9943370225111003
-0.7248445677070483
-0.9423248416265146
-0.5233706348552423
-0.6083713857115984
-0.12189583528127179
-0.5224959387384234
-0.687495319571988
0.23275139863475625
0.417461815921095
-0.24688975339358565
0.7423094290581675
-0.9058432898570985
0.3898630488375949
0.7522801930672447
0.26342768719315024
0.6068936626357895
0.5701650518427264
0.9306802516414943
-0.31320543823305136
-0.0840318618449476
-0.2899015277882735
0.6638739584932185
-0.3822866412466359
0.43928677310988484
-0.8147364043879168
0.46376376213901715
0.9036176106138154
-0.5606469621068535
0.25281472786141324
-0.7303105078923262
-0.11203453695816035
0.5988330480530699
-0.15612156943736122
0.08909603937416755
-0.09310512454012843
-0.8475912658945033
-0.8285997730540726
0.6565664074443704
-0.3411953270737227
-0.1586472867171156
0.8315213834106285
0.43040601995836836
0.8378135247800906
0.5001097115303805
0.17708212663824896
-0.0046541712122945
0.8187969112821742
0.39441086025241523
-0.501431558554843
-0.10669488390908954
-0.704461689213669
-0.8699862398148339
-0.3624379113050682
0.8213734303538005
0.18164199927153457
0.7890118223047486
-0.042140818418878734
-0.5549476233479573
-0.9005127442836938
-0.9434559584910986
0.11417405595301999
-0.9293945606730896
-0.35323428514988664
-0.2680033561967188
-0.15872692622954943
0.9712053829132117
-0.9094456565177549
0.5850655704049925
0.8538660214522158
0.7688677930165717
0.7771496212204227
0.6622378224417185
-0.7913195731562253
0.06746901625421797
-0.2082792389311745
-0.36343794785486083
-0.7930759181040592
0.8204978049393759
-0.2335092936233274
0.8345104659476466
-0.36638116923713615
-0.4674039435041193
-0.6474574014381065
0.2042125764917586
-0.5085451826565188
0.06165147408742078
-0.9642304866292104
0.05582091156053437
0.8275970357528071
-0.7966519834627235
0.4087610044485017
-0.14774667382604534
0.6362924742357863
0.11902899759469698
0.8685467992761484
-0.7281217659262174
-0.3161605391876039
-0.4593203804935948
-0.8563798011970096
-0.51225394153723
0.7320006908439927
0.8355511662943444
0.14769503871265166
0.9100487443276344
0.6934899086017645
-0.7080599444838265
-0.433663041481156
-0.38920395706945987
0.25420313409116013
0.48840297831240864
0.35572452316242886
0.4213427831496752
-0.7998011044316982
-0.01402304261086429
-0.20754075675990213
0.09039453280768517
0.532502341821266
0.8705967821806555
-0.00109556205027328
0.03835533955414139
0.7337595327018529
-0.250621762108872
0.5140408993453298
0.1600641863188006
0.11852245624812219
0.16080009885012947
-0.17614923411795558
-0.4505034882139616
-0.5696330314406548
0.6394496365576885
0.7866464605742389
0.19328874088085035
0.5566296571514511
-0.5771402965146297
-0.549422218999642
-0.9081992091330584
0.9712788132703698
-0.1969365598186772
-0.8320259105636076
0.4303530162960425
-0.6256083315379835
-0.28494551090083764
0.27763651590998584
0.7801617553602715
0.7542220398089867
-0.4868751948355541
0.3008672395042411
-0.20655076458828403
0.34906617527119965
0.7131953592457951
0.039062372402311585
-0.7857014081792564
-0.8677562497837608
-0.9271585143262004
0.49401499559987294
0.903392952614412
0.41272603237565075
0.29446210042347887
0.887200994796602
0.6350412554730807
0.5157676476655197
0.6714970352322038
-0.05798943149066638
-0.9202326819674447
0.1327481689149519
-0.741506937566631
0.3036645174898809
-0.16394822553892174
0.7059650891751623
0.22166078334061212
0.7963586924807418
0.303954939222822
0.4518129153690975
-0.6547330633203552
0.7469535863975467
-0.39898040617815167
0.14281174075040792
-0.6778022430697594
-0.3923481156296267
-0.35892292189242414
-0.7959690193696767
-0.0819723753783026
-0.33228807818905515
-0.09332674820055531
0.6118619714561353
-0.6348538779152961
-0.6649677151104392
0.18321664424282935
-0.4832790775507714
-0.08417738231220162
0.6409123166087405
-0.6675646704668952
-0.2845558919071194
0.9085187847359646
0.702472921678523
-0.33851503556827356
0.011906885848983695
-0.4365499316126076
-0.3874993124988475
-0.5373270278418589
-0.22445320577500727
0.15305719374297144
0.37807058126206083
0.6797085985155182
-0.6885645233553028
0.3561604522594799
-0.04561831967327734
-0.3947930636182202
-0.5875653048785303
0.0014942725767410625
-0.6608952903785008
0.43021493845978287
-0.21335358200482735
-0.11847177463647118
0.11072110348739428
-0.36266626352665265
-0.7128471190581884
-0.09401074857636593
-0.02253022909831759
0.7857273456124398
0.7217730098941606
0.09402296956127554
-0.5993334740897909
-0.90708276296615
0.4936492019005332
-0.2836553242274573
0.7662399917532023
0.797527871317316
-0.6653937706184196
-0.9736261170935643
-0.4160736935742222
0.5235413460484217
-0.6547137233092528
0.04917887844717472
0.8686975512014576
-0.838330987693725
-0.025862226364447904
-0.14784744924125093
-0.3139755269224789
0.4095580553519935
0.21728824694222193
0.0035033972893196985
-0.0457322132906941
-0.38300177226447363
-0.4526305757792637
-0.9849705329635501
-0.5960544701265862
0.8854909149868258
-0.43363395124773474
-0.39494979497585714
0.8574987851918763
0.5321671267773764
-0.5702264007284161
-0.5851277398302102
-0.8193819550111934
-0.29761614059455055
0.275578962597415
-0.7894560570361437
-0.6707901655096413
0.7106661666676268
-0.13951596020194357
0.6077798164616424
-0.016419197778480887
0.9729885170725387
-0.38074040666443154
-0.06619156344052324
0.04152239266953606
-0.043223745617748
-0.2728264425262057
0.6258744104769292
0.175564170069886
-0.8441230764369891
0.8337722721160039
0.9945697680703134
-0.5912578492107019
0.07291798943899042
-0.7450161604823988
0.90974525768978
0.25685480620740697
-0.12479654982912791
0.9694402546782304
-0.17445063938306715
-0.48649726191536913
0.5552767110502332
-0.19675283570019753
-0.3815314501058038
0.32638999534342505
0.5793329801971046
0.14243044598549615
-0.9175147004269022
-0.5988876847926121
-0.051779469624720686
0.31524596048744336
0.1748619278474952
-0.5620931423662978
0.7448495573091645
-0.9453472105288687
-0.5929659931562765
0.11894750091627682
0.9414213098414674
0.9634730587489031
0.3692089587304934
-0.8244637744608341
0.6541051233040867
-0.015452511231496935
0.7271283036720746
0.918660889928844
0.30474203272287625
-0.23663004121638354
0.9228861969533007
-0.29277890163057063
-0.4841623409143019
0.16335674420711332
-0.27549320055041426
0.8153607713566204
-0.6330830772287974
0.35508681830824496
-0.04014265051082666
0.3395658247483384
0.9832670461129549
0.13335226271338696
0.9421050187772706
-0.9579783047789638
0.4092312468425321
-0.22585479309794976
-0.5910319070568395
0.7320324386200217
-0.2285318245069885
-0.8401240572878894
-0.9143800594483058
-0.11718932969674345
-0.2409083822641318
0.21477765312122465
-0.47136912241041284
0.5966983990725507
-0.2742123567617796
-0.9900609389833883
-0.6200789338983492
0.27746823756308836
-0.010167581273548665
-0.027347136536888472
0.39247053567491186
-0.9194104033877795
0.1180340273365803
-0.47060943284817447
0.9908077301691043
0.9581378471580166
0.8379556511069008
0.7635699254005546
-0.33107251403703053
-0.3328257069699567
-0.5440268349050821
0.2811779598204205
-0.99797280175311
-0.22436255808705563
-0.16802395021016459
-0.3910175640598115
-0.4949494072245961
-0.8113565719018658
0.39892548094034797
-0.10150246206330538
0.894743487810671
0.03593521362275931
0.26799231837012094
-0.11027219252359255
0.9914052274214187
-0.31671275126676246
-0.8711378174386115
-0.3547332069018776
0.01769843820287509
-0.1714488408139363
0.9581517528461141
-0.825998950660672
-0.730860500704962
0.7613951104849548
-0.016906090300076615
-0.48910073963856293
0.3471039180598563
0.29433497723511626
0.7125525741137093
0.16784635598391762
-0.20049948365763703
0.120882099518836
0.08866095125680507
-0.8838492619213281
0.20020862284684116
0.4065745573098365
0.9858365613542963
-0.9912534124715289
-0.30557125946082375
-0.653215622230505
-0.12545550806407157
0.49874347088363025
0.9016149052286566
-0.24602045637111658
0.2454183716725642
-0.2140083771909771
0.44034494912483435
-0.016261294036112872
0.5157569886836819
-0.23777064902742384
-0.6331635065197945
-0.656484745633275
-0.6807980322113785
-0.056616367214642915
0.1724111732844269
0.8255470410645258
-0.027491755043398847
0.9473542289419192
0.20903721879978865
0.9248454218220594
0.5593874667854739
0.2790690541186778
-0.7830333681776476
-0.9827267309191787
-0.07084483182047951
-0.3602985626527875
-0.29324314257421236
0.09148664227799985
0.6400875310177407
0.1761148836419082
-0.5426552411326888
-0.7611870535370739
-0.9188536121783226
0.5682281157454652
0.5817085757724529
-0.9648493601399262
0.8632841489932166
-0.9806097362564192
-0.8361428828639605
0.31053709717140277
0.7539757232523445
0.5190521477468368
-0.9793815997379496
-0.8025335949813983
0.9085310184694957
-0.2048796420643313
0.43129981017214103
-0.7116199276157713
-0.98344789915749
-0.47073046035053956
0.6768730581474873
0.690401771287497
-0.9152049395454873
-0.9162343492740839
-0.0635435358114238
0.3116140572014756
0.13805394283169248
-0.388257967932387
0.3306636879996847
0.3131167689346368
-0.3553633578850013
-0.8270662959808095
0.6568747643777268
0.4385550847598305
0.36157076771231456
0.6089970730616463
-0.6253567548525563
0.8957570308165765
-0.918916305707489
0.2111135970479019
0.38374256916629346
-0.6284798905545168
0.5004741065296086
0.4888221042858445
-0.8449690554027243
-0.4598615484592523
-0.35279963815893955
-0.9981672600630003
0.494197816384605
-0.5852944064681569
-0.8898830563784643
-0.9423888734108763
-0.6327965103992832
-0.8653937550461155
0.7010869155812003
0.8612406113373705
0.7498162385623031
-0.17925266628904812
-0.9799466695732804
0.6881455416342277
-0.6066936396805767
-0.6053777370180964
-0.13651518975168453
0.23980087265245498
0.6297916602111373
0.011882368329443116
0.3848884977002798
-0.3718477243067062
0.506141350527072
-0.0927917032267318
0.11385364911081086
-0.31114504018412714
0.7752772898575429
-0.07845049200580068
-0.7267806470098985
0.03864983249775822
-0.7166271524620433
-0.7091934955285613
-0.4588239275844668
0.1700069348000135
-0.14185595236083537
0.8302585348817975
0.3088552529221631
-0.15816440080084648
-0.5404387892647076
-0.48604116930792274
0.48671749370003714
-0.9376920526976686
-0.9644143728178844
0.38781545445515353
0.7094121831892914
-0.6525273569077685
0.5845739858911012
0.5522385557461491
0.27294514807807846
0.10184546019887297
0.8884457440060047
0.013920391042398395
0.860228213066283
0.9579537408264116
0.9575679451661239
0.828652581983186
-0.40895306315526647
0.16263424801258108
-0.5546203873674893
-0.9873603557854256
-0.6992978468654221
0.8823409592755238
-0.13494234301334007
0.580739015852471
0.5535779926378284
-0.271551168002123
-0.8250170082277826
-0.6504964783146379
-0.2053676307738057
-0.13589423352589458
0.05936556610313848
0.18600669043354867
-0.7818353544926551
0.1398417367365301
-0.2985682945601571
-0.4007108753108557
-0.02043024967825735
0.3827818424962601
-0.9688602424960198
0.7551201755097117
0.30061079605758034
0.30030500581350816
0.8854082579754909
-0.019241611706288797
0.1215557293335745
0.21061736540284604
-0.19992604442782547
-0.08818473580745301
0.6449634835630838
0.2804117390905263
0.42647542469601785
-0.4987526021259614
-0.1042478900563435
-0.2632304464392048
-0.4143279406268654
-0.4740348093896911
0.1824465346191555
-0.9343054849858814
0.30768766986884977
0.8633297839963407
0.0424773416957942
0.11947085642720601
0.9255095306235746
0.7845486931335772
0.7406240062161635
-0.8461109255000141
0.25452132565210106
0.17285911091156625
-0.47938182190227563
0.7627831715509366
0.7870045651571291
0.07937626511760532
0.6873979421961034
0.5409621169354923
0.009274317389896591
0.2841707600882837
-0.9165152909985577
0.26481555873069995
0.3376751457501226
0.25329762212167717
0.432261120788312
0.6172536137874218
0.5060352395365812
0.713114805750662
0.541551747134678
0.4559582249377694
-0.8442542100052743
0.3182220479559652
0.19399876151955597
-0.14409870385950962
-0.07334916836769567
-0.33505629340572773
0.6919399649869737
-0.6934351793921663
-0.6443875948532245
-0.4648833085999735
0.15980588282247132
-0.14553743672824382
-0.776445329782478
0.49940253026435144
0.03204467367201058
-0.042511202050660835
-0.09571631227465893
0.9810569845341304
-0.655538974352557
0.045043317489292134
0.99695336011139
0.12040033844983378
0.19233252430819792
0.6779313929700232
0.9657741522485717
-0.06696258673017796
0.8554715390850454
0.7423606345839191
-0.9623543748499452
-0.7289883260852763
-0.5663297977700015
0.9713996401029634
0.8811071544792546
0.2524458588769567
0.05200668021806143
-0.22391215327044822
0.3834421645742774
0.3209023280855341
-0.3720300379890449
-0.7163452996837956
-0.7393177361433103
0.6416857431575407
-0.1487329174404013
0.19526056159568705
0.7574993478382468
-0.6609250534012445
-0.9951343317285994
-0.07791450475580386
0.7675633852689923
0.9551917210526006
0.2650509043755691
-0.4105317492814884
-0.31624082244319673
0.5104092391700619
0.9190707184967786
-0.7804197402859234
-0.31298480003147255
-0.43682269549445274
0.07729075557473086
-0.3837857121221995
-0.27658959982072795
0.6666223217675273
0.8095711193769966
0.8757294407789711
-0.6563245929207462
0.39099304654470535
0.030854839409191204
0.27754749037498416
0.4805224890914399
0.41585328425606627
0.14533184373413732
0.2581932605374897
0.5416889315805364
0.6995529270550886
0.9022700526685059
0.23833026698234572
-0.2632076137517041
0.04487242629899568
-0.10675540125264038
-0.44391944674687256
-0.08515917542445295
0.9950138626293861
0.02820130956999245
0.5493193776884155
0.28255934589581777
-0.34783516363271927
-0.2739980508944069
-0.9462884738294335
0.6257300723604782
-0.06231868961349929
0.12467229266950342
0.5634167793257125
-0.6505580834883959
-0.595172389719433
-0.8456085088592249
-0.48711232987736364
0.7062927025801999
-0.5395469143882416
0.6548232921283823
0.19989449205762466
0.17278401986186998
-0.9630596893660137
-0.5261807573091903
-0.06649445622630301
0.7313583786573754
0.19113446741117612
-0.8961145891965183
-0.13701393077466562
-0.3059755087045217
0.039707370171998324
-0.012188969125207949
-0.9403900093097375
0.6281998015472221
-0.8478563765452258
-0.21492838646872992
0.09618005848509958
-0.093263657183835
-0.5804852770709164
0.5183775913303361
0.358523547497855
0.8777865363671014
0.5279430722499836
0.6703924861342911
0.2834161905403423
-0.3427326870816729
-0.703556277853439
-0.6695351772239841
0.4670384845944018
-0.5764996306310153
-0.19607212558211207
-0.7259637772283454
-0.2210517685369826
0.9484531619450034
-0.05161173756753423
0.6836353444587746
0.39934820974689633
0.5831387399889525
0.6238677494059648
0.5559334351862188
-0.9748895548662901
-0.3496339098684682
-0.7105329462164114
-0.40689322121701266
-0.7344739571388799
0.3517836142652069
0.475647431518081
0.7332621315761325
-0.46140842833377227
-0.9457421667212125
-0.27551823892343275
0.31647123473166316
0.5648232505661244
-0.8385291282403591
0.47457274031381647
0.37620788775079617
-0.9151712922386981
-0.012258572072977536
0.086088101816167
-0.9868611548661776
0.4031528667394697
0.7216248811671275
0.3566406263519699
0.929335074106957
-0.7603643925213852
-0.5346845924335344
0.732618387636494
-0.4737626309853311
0.9604371764520301
-0.039207260319775505
-0.38031259100278847
-0.8263220917573373
0.9884413634874456
0.907185751283919
-0.24997527991158197
-0.8962571351506057
-0.5929333366225737
-0.4333498895429917
-0.269609374501115
0.8631579299172802
0.7928449917681926
-0.6762449664408898
-0.5655659443297218
0.646421283832229
0.7373120325058629
-0.6892834893556297
0.032416506951802315
0.878680875818648
0.9020628385013825
-0.016986754186002706
-0.1361751518404306
-0.6900845744518707
0.9224417602118082
0.15020948362104258
-0.7728280499715519
-0.13561171695896945
0.6493440435432589
-0.5042621309993114
-0.4744499925882584
-0.19249240106837973
0.666254562042768
-0.14277160495295949
-0.87953994178846
-0.11680841920449048
0.5690830308286623
-0.5808594330613515
-0.5545524425130393
0.9912790953061841
0.12833711454800545
0.6465995815116208
-0.880176022597984
-0.28733997103840037
-0.3880833466706417
0.9226123243928008
0.6605179780552453
-0.044492821114800574
0.5601317221512927
0.31703718030354633
-0.7583520063279912
0.4764790313348508
-0.7691293650808031
0.767970571228501
0.44000265818058004
-0.5725134007415518
-0.7208656577185601
-0.6878644455258778
0.5105185958453224
-0.3821197757531667
-0.7540525759206493
0.8839421430340848
0.8510516024230557
0.6330446295194894
0.2547181989420193
-0.548924647544814
0.932907562237953
0.0709049034135425
-0.16432845172485577
0.6196824173712412
-0.7373744795664947
0.6162961010016361
-0.027578190807477254
-0.509927458472498
0.6762244449799741
-0.9102595295555664
-0.06302719785020194
-0.9969717632700912
-0.47320248750083405
0.15229620660428167
-0.5300717626791212
0.9537480945596732
-0.5415942062132202
0.8338997835114812
-0.28445553725893435
-0.9640791272964002
-0.8885696657609332
0.9605412193553433
-0.5397454148160732
0.4469873880383677
-0.3112006143883035
0.511276736459567
-0.6663004623305218
-0.4651146001911928
0.17113136999658396
-0.4073325824980274
-0.987675191436322
0.6996922680965802
0.03534882074617052
-0.17160927115386126
-0.36390626781458324
-0.9278311030697914
-0.7929055890997576
0.4200003282023719
-0.9022006338414779
-0.9775371491446536
-0.9905920605366336
0.9909240268498081
0.03996524949573077
0.7960931073029016
0.9701108746473444
-0.8770125816864147
0.40534286761924476
0.3986968805489923
0.2972136628161808
-0.7985730192956058
0.6596608596111826
-0.41835906099795994
-0.505792079427835
0.7943945726369237
0.21766945800789883
-0.9448799367285252
-0.965683584252651
-0.9442576413904231
-0.42199143100850267
-0.3950404218878649
0.19228324830250942
-0.927971836170524
0.044343297659198644
0.5864034810580054
-0.9357710271278814
-0.5158000687559301
0.8264450393306766
0.6362551829347323
-0.41879696160104474
0.5698489839880478
-0.1838400447458941
-0.7465994388350554
0.5386350846023917
0.6697497619041686
0.3115267594639364
-0.49324584339412847
0.48042190113498506
-0.04202969946586488
0.5514334396043303
-0.0024523654917070203
0.28296164542998237
0.6174955242856004
-0.6658732175372306
-0.15079840923734067
0.3356310402267382
0.819863836065237
0.37075816724119925
-0.6238683135348442
0.3091574017549117
-0.7681131969159525
0.4678236939022622
-0.01841010409048538
-0.2866863516523357
0.2264134977050849
-0.1670133592409162
-0.16580638707129602
-0.8959635736581397
0.17431501072725109
0.09784341809860386
0.8998103818213445
-0.8111592299530546
0.3312945334036297
0.932788214071973
-0.8687756658417636
0.11863840231168599
0.9396106284284478
0.7247780444627283
-0.13440850797006898
0.6647315767612387
0.18644192614570088
-0.31594004688294275
-0.8563661805123879
0.410474073077681
-0.7019735321127332
0.7226330727521844
0.39490696513456247
0.933572588025543
-0.12717610473493424
0.5833913993609312
-0.3681899291713693
0.7717587600166904
-0.2579099029595824
0.1673799297252514
-0.6941137253913907
0.006964365107331227
-0.04452645306954617
0.5477159143903181
0.270783389350461
-0.043509479135721785
-0.4614151586543309
-0.6811922551574601
0.2333909800591143
-0.43693405546056696
0.18705842291215413
-0.4451220276742438
0.8876307551424536
-0.6111356411966362
0.09562079395936807
0.5059966327731333
-0.2909690251837038
-0.48610460973661596
-0.05132993826501675
0.6071977928773933
0.10497161114364162
-0.9487737718961187
-0.20500549935634504
-0.01791048973658249
0.2697722669612259
-0.7812298658739822
-0.03095097366525712
0.7012608480865505
-0.3169933418688875
-0.6581492420242507
0.5223630342596912
0.654651979475027
0.3196159841799362
-0.6023340362010783
0.4393737526310395
-0.6187044419052223
-0.09205930011471763
-0.4037441250787124
0.3140328521477058
0.2993383922653192
0.13772569032964976
0.5762515493458995
0.8662545421499006
0.5891681324609064
-0.8408234133473207
-0.5923442146311482
-0.7682272423516348
-0.7875448555409958
-0.504638742968067
0.38149880644102296
0.995199014719411
0.7338055585109586
0.48211270720598076
0.4892657388342039
-0.739320246613095
0.5697614745868989
0.9791091953900788
0.9324595878873077
-0.20134839950040062
-0.32113984740385937
-0.666001182062609
-0.41472721320187067
-0.727934237724652
0.5624417080350264
-0.09292041872475632
-0.5107780535315809
0.46180098079899623
-0.7240140719661603
-0.44188996450959683
0.6767557665299146
0.15603050160469545
-0.4711777191646389
0.27545347769464157
-0.047242987817596616
-0.7256804315363279
-0.2094355637635381
-0.06412077293717022
0.2558827541041522
-0.3194037857550067
-0.035237629387684155
0.8066402376419048
0.7626609787967684
0.6876300457820428
0.46006120084557045
0.7818250207899735
0.4902997660267123
0.6069897681347893
0.08277137380739763
0.06227538260803667
-0.8301529415225295
0.5986612843560815
0.3237338930090945
0.8553746130450695
-0.12347596734607125
-0.3243023150390809
0.3228576515067252
-0.3441996053655285
-0.4819977183719846
-0.7745176583723088
0.3601239480916061
0.6591175316346907
-0.941818633840743
0.06945108358359975
0.7708950837651714
-0.22012990963043255
0.6036069430315303
-0.3739441986746017
-0.7598779834509088
0.45425963423108096
0.10797667931177912
-0.1366046376053447
0.6737251453623265
0.8507669353517151
0.08766668666361799
0.13713389080521976
-0.20782376191561602
0.693999448983694
-0.789728620714669
-0.4532410611394653
-0.09013384144285008
0.7783977633600481
0.36225254295180087
-0.5664030633416268
-0.3221110597029193
-0.9921471098312595
0.317329854620477
-0.7308971339129762
0.42584043187935516
-0.6614537083249927
-0.5119374844402014
0.7930220702861961
0.05372451318123628
-0.5224199791597253
-0.8238559924110458
0.14048144069358837
0.4191549009608768
-0.7171232888171406
-0.9952597009262003
0.16885513627305904
-0.9716467283312982
-0.47461478288189607
0.1526491886259358
-0.1708466676282565
0.8643753192904657
-0.9025087989566185
-0.5402002254233058
0.6845446523197178
0.222017473426662
0.2635496778628361
0.7872202297161839
-0.12334469202458265
0.6768748741495352
0.20916200279290886
-0.49160687210620413
-0.13974344283516005
0.029995659002247432
-0.6700564857323545
0.7918628190624126
0.7115858502042811
0.6703049175320202
-0.2754761099328178
0.9110613155080749
-0.20796361917357586
0.9101073855725694
0.7393389209275485
-0.6553639416409951
0.6778747544948849
0.07321368608653
0.27423938475985565
-0.6412430687314856
0.5270602469093271
0.17884677849028563
0.10132552856437949
0.4527928957263847
0.14690387941333238